No.   temBMP(deg C)  temHUM(deg C)  temprom(deg C) %HR       
--------------------------------------------------------------
1     26.100         25.830         25.965         88.29     
2     25.900         25.630         25.765         88.35     
3     25.800         25.490         25.645         87.71     
4     25.600         25.360         25.480         86.64     
5     25.500         25.290         25.395         85.44     
6     25.300         25.220         25.260         84.11     
7     25.100         25.160         25.130         82.61     
8     25.000         25.100         25.050         81.68     
9     24.800         25.070         24.935         80.04     
10    24.700         25.040         24.870         78.53     
11    24.600         25.010         24.805         77.75     
12    24.500         24.980         24.740         77.61     
13    24.300         24.960         24.630         76.79     
14    24.200         24.940         24.570         77.02     
15    24.100         24.900         24.500         77.32     
16    24.000         24.880         24.440         77.06     
17    24.000         24.850         24.425         76.89     
18    23.800         24.810         24.305         77.05     
19    23.700         24.780         24.240         77.64     
20    23.700         24.750         24.225         78.08     
21    23.500         24.700         24.100         78.32     
22    23.500         24.650         24.075         78.11     
23    23.400         24.640         24.020         77.98     
24    23.200         24.580         23.890         77.87     
25    23.200         24.560         23.880         76.86     
26    23.100         24.550         23.825         76.93     
27    23.000         24.500         23.750         76.43     
28    22.900         24.490         23.695         75.14     
29    22.800         24.450         23.625         74.89     
30    22.700         24.420         23.560         74.09     
31    22.600         24.370         23.485         74.09     
32    22.500         24.320         23.410         74.24     
33    22.400         24.290         23.345         74.24     
34    22.400         24.250         23.325         74.25     
35    22.300         24.210         23.255         74.06     
36    22.300         24.180         23.240         74.26     
37    22.200         24.160         23.180         74.09     
38    22.100         24.110         23.105         74.07     
39    22.100         24.090         23.095         74.07     
40    22.000         24.080         23.040         73.91     
41    22.000         24.050         23.025         73.95     
42    22.000         24.050         23.025         73.87     
43    21.900         23.980         22.940         73.79     
44    21.900         23.990         22.945         73.72     
45    21.800         23.950         22.875         73.60     
46    21.800         23.950         22.875         73.47     
47    21.800         23.910         22.855         73.16     
48    21.800         23.900         22.850         73.18     
49    21.800         23.860         22.830         72.86     
50    21.700         23.900         22.800         72.22     
51    21.800         23.910         22.855         71.02     
52    21.900         23.910         22.905         69.75     
